PV 5088967.9 -301681.6 3825015.8 3600.0
SMT -1828796.2 -5054406.8 3427865.2 14400.0
SMA -5464523.4 -2493147.08 2150611.75 5600.0
LMT -768713.9637 -5988541.7982 2063275.9472 3600.0
ALMA 2225061.164 -5440057.37 -2481681.15 70.0
SPT 0.01 0.01 -6359609.7 16900.0
APEX 2225039.53 -5441197.63 -2479303.36 4900.0
JCMT -5464584.68 -2493001.17 2150653.98 10000.0
PDB 4523998.4 468045.24 4460309.76 1500.0
CARMA -2397431.3 -4482018.9 3843524.5 10000.0
KP -1995678.84 -5037317.697 3357328.025 10000.0
GLT 1500692.0 -1191735.0 6066409.0 10000.0
TESS 0.0 0.0 0.0 10000.0
ISS 0.0 0.0 0.0 10000.0
