NEW1 -4086983.222571644 -1544163.6215628881 4636999.875809754 0.0
NEW2 483819.07970117725 -4062707.786465306 -4883642.650717934 0.0
NEW3 -2431045.1948569035 3452881.9968719753 4770457.648511363 0.0
NEW4 2998116.330128829 -4522613.005583178 3338699.0090070623 0.0
NEW5 5154184.5214744 2151933.106340292 3064833.8983426713 0.0
NEW6 2650685.4611356244 2106600.090243798 5396827.183253976 0.0
NEW7 -1488398.4741641514 -6073521.09925564 -1219283.5761226257 0.0
NEW8 -1664514.229102845 -64426.58329352864 -6149380.667716 0.0
NEW9 2791458.2739229887 5717289.855142354 -331660.0929162387 0.0
NEW10 -5530453.768548235 3016771.6436760672 950163.6510952321 0.0
NEW11 3423667.164650778 1951732.6275667357 5005884.926382503 0.0
NEW12 4013012.2766788523 -3132768.4768478973 -3830291.7823180156 0.0
NEW13 -4635207.372076406 -947552.536041799 -4266923.693867667 0.0
NEW14 -940135.1294566643 -243278.73502511022 6296554.803656209 0.0
NEW15 6272579.171733792 179073.65647963266 1101055.929499693 0.0
PV 5088967.9 -301681.6 3825015.8 3600.0
SMT -1828796.2 -5054406.8 3427865.2 14400.0
SMA -5464523.4 -2493147.08 2150611.75 5600.0
LMT -768713.9637 -5988541.7982 2063275.9472 3600.0
ALMA 2225061.164 -5440057.37 -2481681.15 70.0
SPT 0.01 0.01 -6359609.7 16900.0
APEX 2225039.53 -5441197.63 -2479303.36 4900.0
JCMT -5464584.68 -2493001.17 2150653.98 10000.0
